           module name  input shape output shape     params memory(MB)           MAdd          Flops  MemRead(B)  MemWrite(B) duration[%]   MemR+W(B)
0                conv1    3  32  32   24  32  32      648.0       0.09    1,302,528.0      663,552.0     14880.0      98304.0      21.26%    113184.0
1         dense1.0.bn1   24  32  32   24  32  32       48.0       0.09       98,304.0       49,152.0     98496.0      98304.0       0.41%    196800.0
2       dense1.0.conv1   24  32  32   48  32  32     1152.0       0.19    2,310,144.0    1,179,648.0    102912.0     196608.0       3.77%    299520.0
3         dense1.0.bn2   48  32  32   48  32  32       96.0       0.19      196,608.0       98,304.0    196992.0     196608.0       0.12%    393600.0
4       dense1.0.conv2   48  32  32   12  32  32     5184.0       0.05   10,604,544.0    5,308,416.0    217344.0      49152.0       1.43%    266496.0
5         dense1.1.bn1   36  32  32   36  32  32       72.0       0.14      147,456.0       73,728.0    147744.0     147456.0       0.11%    295200.0
6       dense1.1.conv1   36  32  32   48  32  32     1728.0       0.19    3,489,792.0    1,769,472.0    154368.0     196608.0       1.27%    350976.0
7         dense1.1.bn2   48  32  32   48  32  32       96.0       0.19      196,608.0       98,304.0    196992.0     196608.0       0.11%    393600.0
8       dense1.1.conv2   48  32  32   12  32  32     5184.0       0.05   10,604,544.0    5,308,416.0    217344.0      49152.0       0.61%    266496.0
9         dense1.2.bn1   48  32  32   48  32  32       96.0       0.19      196,608.0       98,304.0    196992.0     196608.0       0.19%    393600.0
10      dense1.2.conv1   48  32  32   48  32  32     2304.0       0.19    4,669,440.0    2,359,296.0    205824.0     196608.0       1.97%    402432.0
11        dense1.2.bn2   48  32  32   48  32  32       96.0       0.19      196,608.0       98,304.0    196992.0     196608.0       0.11%    393600.0
12      dense1.2.conv2   48  32  32   12  32  32     5184.0       0.05   10,604,544.0    5,308,416.0    217344.0      49152.0       0.90%    266496.0
13        dense1.3.bn1   60  32  32   60  32  32      120.0       0.23      245,760.0      122,880.0    246240.0     245760.0       0.29%    492000.0
14      dense1.3.conv1   60  32  32   48  32  32     2880.0       0.19    5,849,088.0    2,949,120.0    257280.0     196608.0       1.26%    453888.0
15        dense1.3.bn2   48  32  32   48  32  32       96.0       0.19      196,608.0       98,304.0    196992.0     196608.0       0.11%    393600.0
16      dense1.3.conv2   48  32  32   12  32  32     5184.0       0.05   10,604,544.0    5,308,416.0    217344.0      49152.0       0.46%    266496.0
17        dense1.4.bn1   72  32  32   72  32  32      144.0       0.28      294,912.0      147,456.0    295488.0     294912.0       0.31%    590400.0
18      dense1.4.conv1   72  32  32   48  32  32     3456.0       0.19    7,028,736.0    3,538,944.0    308736.0     196608.0       1.07%    505344.0
19        dense1.4.bn2   48  32  32   48  32  32       96.0       0.19      196,608.0       98,304.0    196992.0     196608.0       0.11%    393600.0
20      dense1.4.conv2   48  32  32   12  32  32     5184.0       0.05   10,604,544.0    5,308,416.0    217344.0      49152.0       0.48%    266496.0
21        dense1.5.bn1   84  32  32   84  32  32      168.0       0.33      344,064.0      172,032.0    344736.0     344064.0       0.35%    688800.0
22      dense1.5.conv1   84  32  32   48  32  32     4032.0       0.19    8,208,384.0    4,128,768.0    360192.0     196608.0       1.32%    556800.0
23        dense1.5.bn2   48  32  32   48  32  32       96.0       0.19      196,608.0       98,304.0    196992.0     196608.0       0.11%    393600.0
24      dense1.5.conv2   48  32  32   12  32  32     5184.0       0.05   10,604,544.0    5,308,416.0    217344.0      49152.0       0.47%    266496.0
25           trans1.bn   96  32  32   96  32  32      192.0       0.38      393,216.0      196,608.0    393984.0     393216.0       0.40%    787200.0
26         trans1.conv   96  32  32   48  32  32     4608.0       0.19    9,388,032.0    4,718,592.0    411648.0     196608.0       1.35%    608256.0
27        dense2.0.bn1   48  16  16   48  16  16       96.0       0.05       49,152.0       24,576.0     49536.0      49152.0       0.10%     98688.0
28      dense2.0.conv1   48  16  16   48  16  16     2304.0       0.05    1,167,360.0      589,824.0     58368.0      49152.0       0.21%    107520.0
29        dense2.0.bn2   48  16  16   48  16  16       96.0       0.05       49,152.0       24,576.0     49536.0      49152.0       0.11%     98688.0
30      dense2.0.conv2   48  16  16   12  16  16     5184.0       0.01    2,651,136.0    1,327,104.0     69888.0      12288.0       0.53%     82176.0
31        dense2.1.bn1   60  16  16   60  16  16      120.0       0.06       61,440.0       30,720.0     61920.0      61440.0       0.10%    123360.0
32      dense2.1.conv1   60  16  16   48  16  16     2880.0       0.05    1,462,272.0      737,280.0     72960.0      49152.0       0.17%    122112.0
33        dense2.1.bn2   48  16  16   48  16  16       96.0       0.05       49,152.0       24,576.0     49536.0      49152.0       0.11%     98688.0
34      dense2.1.conv2   48  16  16   12  16  16     5184.0       0.01    2,651,136.0    1,327,104.0     69888.0      12288.0       0.59%     82176.0
35        dense2.2.bn1   72  16  16   72  16  16      144.0       0.07       73,728.0       36,864.0     74304.0      73728.0       0.10%    148032.0
36      dense2.2.conv1   72  16  16   48  16  16     3456.0       0.05    1,757,184.0      884,736.0     87552.0      49152.0       0.17%    136704.0
37        dense2.2.bn2   48  16  16   48  16  16       96.0       0.05       49,152.0       24,576.0     49536.0      49152.0       0.10%     98688.0
38      dense2.2.conv2   48  16  16   12  16  16     5184.0       0.01    2,651,136.0    1,327,104.0     69888.0      12288.0       0.58%     82176.0
39        dense2.3.bn1   84  16  16   84  16  16      168.0       0.08       86,016.0       43,008.0     86688.0      86016.0       0.11%    172704.0
40      dense2.3.conv1   84  16  16   48  16  16     4032.0       0.05    2,052,096.0    1,032,192.0    102144.0      49152.0       0.98%    151296.0
41        dense2.3.bn2   48  16  16   48  16  16       96.0       0.05       49,152.0       24,576.0     49536.0      49152.0       0.11%     98688.0
42      dense2.3.conv2   48  16  16   12  16  16     5184.0       0.01    2,651,136.0    1,327,104.0     69888.0      12288.0       0.64%     82176.0
43        dense2.4.bn1   96  16  16   96  16  16      192.0       0.09       98,304.0       49,152.0     99072.0      98304.0       0.11%    197376.0
44      dense2.4.conv1   96  16  16   48  16  16     4608.0       0.05    2,347,008.0    1,179,648.0    116736.0      49152.0       0.82%    165888.0
45        dense2.4.bn2   48  16  16   48  16  16       96.0       0.05       49,152.0       24,576.0     49536.0      49152.0       0.10%     98688.0
46      dense2.4.conv2   48  16  16   12  16  16     5184.0       0.01    2,651,136.0    1,327,104.0     69888.0      12288.0       0.68%     82176.0
47        dense2.5.bn1  108  16  16  108  16  16      216.0       0.11      110,592.0       55,296.0    111456.0     110592.0       0.11%    222048.0
48      dense2.5.conv1  108  16  16   48  16  16     5184.0       0.05    2,641,920.0    1,327,104.0    131328.0      49152.0       1.06%    180480.0
49        dense2.5.bn2   48  16  16   48  16  16       96.0       0.05       49,152.0       24,576.0     49536.0      49152.0       0.11%     98688.0
50      dense2.5.conv2   48  16  16   12  16  16     5184.0       0.01    2,651,136.0    1,327,104.0     69888.0      12288.0       0.63%     82176.0
51        dense2.6.bn1  120  16  16  120  16  16      240.0       0.12      122,880.0       61,440.0    123840.0     122880.0       0.11%    246720.0
52      dense2.6.conv1  120  16  16   48  16  16     5760.0       0.05    2,936,832.0    1,474,560.0    145920.0      49152.0       1.17%    195072.0
53        dense2.6.bn2   48  16  16   48  16  16       96.0       0.05       49,152.0       24,576.0     49536.0      49152.0       0.11%     98688.0
54      dense2.6.conv2   48  16  16   12  16  16     5184.0       0.01    2,651,136.0    1,327,104.0     69888.0      12288.0       0.66%     82176.0
55        dense2.7.bn1  132  16  16  132  16  16      264.0       0.13      135,168.0       67,584.0    136224.0     135168.0       0.11%    271392.0
56      dense2.7.conv1  132  16  16   48  16  16     6336.0       0.05    3,231,744.0    1,622,016.0    160512.0      49152.0       1.13%    209664.0
57        dense2.7.bn2   48  16  16   48  16  16       96.0       0.05       49,152.0       24,576.0     49536.0      49152.0       0.11%     98688.0
58      dense2.7.conv2   48  16  16   12  16  16     5184.0       0.01    2,651,136.0    1,327,104.0     69888.0      12288.0       0.57%     82176.0
59        dense2.8.bn1  144  16  16  144  16  16      288.0       0.14      147,456.0       73,728.0    148608.0     147456.0       0.10%    296064.0
60      dense2.8.conv1  144  16  16   48  16  16     6912.0       0.05    3,526,656.0    1,769,472.0    175104.0      49152.0       1.12%    224256.0
61        dense2.8.bn2   48  16  16   48  16  16       96.0       0.05       49,152.0       24,576.0     49536.0      49152.0       0.11%     98688.0
62      dense2.8.conv2   48  16  16   12  16  16     5184.0       0.01    2,651,136.0    1,327,104.0     69888.0      12288.0       0.64%     82176.0
63        dense2.9.bn1  156  16  16  156  16  16      312.0       0.15      159,744.0       79,872.0    160992.0     159744.0       0.11%    320736.0
64      dense2.9.conv1  156  16  16   48  16  16     7488.0       0.05    3,821,568.0    1,916,928.0    189696.0      49152.0       1.24%    238848.0
65        dense2.9.bn2   48  16  16   48  16  16       96.0       0.05       49,152.0       24,576.0     49536.0      49152.0       0.11%     98688.0
66      dense2.9.conv2   48  16  16   12  16  16     5184.0       0.01    2,651,136.0    1,327,104.0     69888.0      12288.0       0.62%     82176.0
67       dense2.10.bn1  168  16  16  168  16  16      336.0       0.16      172,032.0       86,016.0    173376.0     172032.0       0.11%    345408.0
68     dense2.10.conv1  168  16  16   48  16  16     8064.0       0.05    4,116,480.0    2,064,384.0    204288.0      49152.0       1.29%    253440.0
69       dense2.10.bn2   48  16  16   48  16  16       96.0       0.05       49,152.0       24,576.0     49536.0      49152.0       0.11%     98688.0
70     dense2.10.conv2   48  16  16   12  16  16     5184.0       0.01    2,651,136.0    1,327,104.0     69888.0      12288.0       0.60%     82176.0
71       dense2.11.bn1  180  16  16  180  16  16      360.0       0.18      184,320.0       92,160.0    185760.0     184320.0       0.11%    370080.0
72     dense2.11.conv1  180  16  16   48  16  16     8640.0       0.05    4,411,392.0    2,211,840.0    218880.0      49152.0       1.26%    268032.0
73       dense2.11.bn2   48  16  16   48  16  16       96.0       0.05       49,152.0       24,576.0     49536.0      49152.0       0.11%     98688.0
74     dense2.11.conv2   48  16  16   12  16  16     5184.0       0.01    2,651,136.0    1,327,104.0     69888.0      12288.0       0.62%     82176.0
75           trans2.bn  192  16  16  192  16  16      384.0       0.19      196,608.0       98,304.0    198144.0     196608.0       0.11%    394752.0
76         trans2.conv  192  16  16   96  16  16    18432.0       0.09    9,412,608.0    4,718,592.0    270336.0      98304.0       1.70%    368640.0
77        dense3.0.bn1   96   8   8   96   8   8      192.0       0.02       24,576.0       12,288.0     25344.0      24576.0       0.10%     49920.0
78      dense3.0.conv1   96   8   8   48   8   8     4608.0       0.01      586,752.0      294,912.0     43008.0      12288.0       0.23%     55296.0
79        dense3.0.bn2   48   8   8   48   8   8       96.0       0.01       12,288.0        6,144.0     12672.0      12288.0       0.10%     24960.0
80      dense3.0.conv2   48   8   8   12   8   8     5184.0       0.00      662,784.0      331,776.0     33024.0       3072.0       0.29%     36096.0
81        dense3.1.bn1  108   8   8  108   8   8      216.0       0.03       27,648.0       13,824.0     28512.0      27648.0       0.10%     56160.0
82      dense3.1.conv1  108   8   8   48   8   8     5184.0       0.01      660,480.0      331,776.0     48384.0      12288.0       0.19%     60672.0
83        dense3.1.bn2   48   8   8   48   8   8       96.0       0.01       12,288.0        6,144.0     12672.0      12288.0       0.10%     24960.0
84      dense3.1.conv2   48   8   8   12   8   8     5184.0       0.00      662,784.0      331,776.0     33024.0       3072.0       0.32%     36096.0
85        dense3.2.bn1  120   8   8  120   8   8      240.0       0.03       30,720.0       15,360.0     31680.0      30720.0       0.10%     62400.0
86      dense3.2.conv1  120   8   8   48   8   8     5760.0       0.01      734,208.0      368,640.0     53760.0      12288.0       0.19%     66048.0
87        dense3.2.bn2   48   8   8   48   8   8       96.0       0.01       12,288.0        6,144.0     12672.0      12288.0       0.10%     24960.0
88      dense3.2.conv2   48   8   8   12   8   8     5184.0       0.00      662,784.0      331,776.0     33024.0       3072.0       0.49%     36096.0
89        dense3.3.bn1  132   8   8  132   8   8      264.0       0.03       33,792.0       16,896.0     34848.0      33792.0       0.10%     68640.0
90      dense3.3.conv1  132   8   8   48   8   8     6336.0       0.01      807,936.0      405,504.0     59136.0      12288.0       0.19%     71424.0
91        dense3.3.bn2   48   8   8   48   8   8       96.0       0.01       12,288.0        6,144.0     12672.0      12288.0       0.10%     24960.0
92      dense3.3.conv2   48   8   8   12   8   8     5184.0       0.00      662,784.0      331,776.0     33024.0       3072.0       0.47%     36096.0
93        dense3.4.bn1  144   8   8  144   8   8      288.0       0.04       36,864.0       18,432.0     38016.0      36864.0       0.10%     74880.0
94      dense3.4.conv1  144   8   8   48   8   8     6912.0       0.01      881,664.0      442,368.0     64512.0      12288.0       0.20%     76800.0
95        dense3.4.bn2   48   8   8   48   8   8       96.0       0.01       12,288.0        6,144.0     12672.0      12288.0       0.10%     24960.0
96      dense3.4.conv2   48   8   8   12   8   8     5184.0       0.00      662,784.0      331,776.0     33024.0       3072.0       0.45%     36096.0
97        dense3.5.bn1  156   8   8  156   8   8      312.0       0.04       39,936.0       19,968.0     41184.0      39936.0       0.10%     81120.0
98      dense3.5.conv1  156   8   8   48   8   8     7488.0       0.01      955,392.0      479,232.0     69888.0      12288.0       0.20%     82176.0
99        dense3.5.bn2   48   8   8   48   8   8       96.0       0.01       12,288.0        6,144.0     12672.0      12288.0       0.12%     24960.0
100     dense3.5.conv2   48   8   8   12   8   8     5184.0       0.00      662,784.0      331,776.0     33024.0       3072.0       0.50%     36096.0
101       dense3.6.bn1  168   8   8  168   8   8      336.0       0.04       43,008.0       21,504.0     44352.0      43008.0       0.10%     87360.0
102     dense3.6.conv1  168   8   8   48   8   8     8064.0       0.01    1,029,120.0      516,096.0     75264.0      12288.0       0.42%     87552.0
103       dense3.6.bn2   48   8   8   48   8   8       96.0       0.01       12,288.0        6,144.0     12672.0      12288.0       0.10%     24960.0
104     dense3.6.conv2   48   8   8   12   8   8     5184.0       0.00      662,784.0      331,776.0     33024.0       3072.0       0.49%     36096.0
105       dense3.7.bn1  180   8   8  180   8   8      360.0       0.04       46,080.0       23,040.0     47520.0      46080.0       0.10%     93600.0
106     dense3.7.conv1  180   8   8   48   8   8     8640.0       0.01    1,102,848.0      552,960.0     80640.0      12288.0       0.25%     92928.0
107       dense3.7.bn2   48   8   8   48   8   8       96.0       0.01       12,288.0        6,144.0     12672.0      12288.0       0.10%     24960.0
108     dense3.7.conv2   48   8   8   12   8   8     5184.0       0.00      662,784.0      331,776.0     33024.0       3072.0       0.45%     36096.0
109       dense3.8.bn1  192   8   8  192   8   8      384.0       0.05       49,152.0       24,576.0     50688.0      49152.0       0.10%     99840.0
110     dense3.8.conv1  192   8   8   48   8   8     9216.0       0.01    1,176,576.0      589,824.0     86016.0      12288.0       0.25%     98304.0
111       dense3.8.bn2   48   8   8   48   8   8       96.0       0.01       12,288.0        6,144.0     12672.0      12288.0       0.10%     24960.0
112     dense3.8.conv2   48   8   8   12   8   8     5184.0       0.00      662,784.0      331,776.0     33024.0       3072.0       0.44%     36096.0
113       dense3.9.bn1  204   8   8  204   8   8      408.0       0.05       52,224.0       26,112.0     53856.0      52224.0       0.11%    106080.0
114     dense3.9.conv1  204   8   8   48   8   8     9792.0       0.01    1,250,304.0      626,688.0     91392.0      12288.0       0.24%    103680.0
115       dense3.9.bn2   48   8   8   48   8   8       96.0       0.01       12,288.0        6,144.0     12672.0      12288.0       0.11%     24960.0
116     dense3.9.conv2   48   8   8   12   8   8     5184.0       0.00      662,784.0      331,776.0     33024.0       3072.0       0.46%     36096.0
117      dense3.10.bn1  216   8   8  216   8   8      432.0       0.05       55,296.0       27,648.0     57024.0      55296.0       0.11%    112320.0
118    dense3.10.conv1  216   8   8   48   8   8    10368.0       0.01    1,324,032.0      663,552.0     96768.0      12288.0       0.24%    109056.0
119      dense3.10.bn2   48   8   8   48   8   8       96.0       0.01       12,288.0        6,144.0     12672.0      12288.0       0.10%     24960.0
120    dense3.10.conv2   48   8   8   12   8   8     5184.0       0.00      662,784.0      331,776.0     33024.0       3072.0       0.51%     36096.0
121      dense3.11.bn1  228   8   8  228   8   8      456.0       0.06       58,368.0       29,184.0     60192.0      58368.0       0.11%    118560.0
122    dense3.11.conv1  228   8   8   48   8   8    10944.0       0.01    1,397,760.0      700,416.0    102144.0      12288.0       0.25%    114432.0
123      dense3.11.bn2   48   8   8   48   8   8       96.0       0.01       12,288.0        6,144.0     12672.0      12288.0       0.10%     24960.0
124    dense3.11.conv2   48   8   8   12   8   8     5184.0       0.00      662,784.0      331,776.0     33024.0       3072.0       0.45%     36096.0
125      dense3.12.bn1  240   8   8  240   8   8      480.0       0.06       61,440.0       30,720.0     63360.0      61440.0       0.13%    124800.0
126    dense3.12.conv1  240   8   8   48   8   8    11520.0       0.01    1,471,488.0      737,280.0    107520.0      12288.0       0.25%    119808.0
127      dense3.12.bn2   48   8   8   48   8   8       96.0       0.01       12,288.0        6,144.0     12672.0      12288.0       0.11%     24960.0
128    dense3.12.conv2   48   8   8   12   8   8     5184.0       0.00      662,784.0      331,776.0     33024.0       3072.0       0.46%     36096.0
129      dense3.13.bn1  252   8   8  252   8   8      504.0       0.06       64,512.0       32,256.0     66528.0      64512.0       0.15%    131040.0
130    dense3.13.conv1  252   8   8   48   8   8    12096.0       0.01    1,545,216.0      774,144.0    112896.0      12288.0       0.26%    125184.0
131      dense3.13.bn2   48   8   8   48   8   8       96.0       0.01       12,288.0        6,144.0     12672.0      12288.0       0.10%     24960.0
132    dense3.13.conv2   48   8   8   12   8   8     5184.0       0.00      662,784.0      331,776.0     33024.0       3072.0       0.49%     36096.0
133      dense3.14.bn1  264   8   8  264   8   8      528.0       0.06       67,584.0       33,792.0     69696.0      67584.0       0.14%    137280.0
134    dense3.14.conv1  264   8   8   48   8   8    12672.0       0.01    1,618,944.0      811,008.0    118272.0      12288.0       0.27%    130560.0
135      dense3.14.bn2   48   8   8   48   8   8       96.0       0.01       12,288.0        6,144.0     12672.0      12288.0       0.10%     24960.0
136    dense3.14.conv2   48   8   8   12   8   8     5184.0       0.00      662,784.0      331,776.0     33024.0       3072.0       0.44%     36096.0
137      dense3.15.bn1  276   8   8  276   8   8      552.0       0.07       70,656.0       35,328.0     72864.0      70656.0       0.16%    143520.0
138    dense3.15.conv1  276   8   8   48   8   8    13248.0       0.01    1,692,672.0      847,872.0    123648.0      12288.0       0.29%    135936.0
139      dense3.15.bn2   48   8   8   48   8   8       96.0       0.01       12,288.0        6,144.0     12672.0      12288.0       0.10%     24960.0
140    dense3.15.conv2   48   8   8   12   8   8     5184.0       0.00      662,784.0      331,776.0     33024.0       3072.0       0.41%     36096.0
141      dense3.16.bn1  288   8   8  288   8   8      576.0       0.07       73,728.0       36,864.0     76032.0      73728.0       0.21%    149760.0
142    dense3.16.conv1  288   8   8   48   8   8    13824.0       0.01    1,766,400.0      884,736.0    129024.0      12288.0       0.28%    141312.0
143      dense3.16.bn2   48   8   8   48   8   8       96.0       0.01       12,288.0        6,144.0     12672.0      12288.0       0.10%     24960.0
144    dense3.16.conv2   48   8   8   12   8   8     5184.0       0.00      662,784.0      331,776.0     33024.0       3072.0       0.40%     36096.0
145      dense3.17.bn1  300   8   8  300   8   8      600.0       0.07       76,800.0       38,400.0     79200.0      76800.0       0.19%    156000.0
146    dense3.17.conv1  300   8   8   48   8   8    14400.0       0.01    1,840,128.0      921,600.0    134400.0      12288.0       0.29%    146688.0
147      dense3.17.bn2   48   8   8   48   8   8       96.0       0.01       12,288.0        6,144.0     12672.0      12288.0       0.10%     24960.0
148    dense3.17.conv2   48   8   8   12   8   8     5184.0       0.00      662,784.0      331,776.0     33024.0       3072.0       0.40%     36096.0
149      dense3.18.bn1  312   8   8  312   8   8      624.0       0.08       79,872.0       39,936.0     82368.0      79872.0       0.17%    162240.0
150    dense3.18.conv1  312   8   8   48   8   8    14976.0       0.01    1,913,856.0      958,464.0    139776.0      12288.0       0.31%    152064.0
151      dense3.18.bn2   48   8   8   48   8   8       96.0       0.01       12,288.0        6,144.0     12672.0      12288.0       0.10%     24960.0
152    dense3.18.conv2   48   8   8   12   8   8     5184.0       0.00      662,784.0      331,776.0     33024.0       3072.0       0.43%     36096.0
153      dense3.19.bn1  324   8   8  324   8   8      648.0       0.08       82,944.0       41,472.0     85536.0      82944.0       0.19%    168480.0
154    dense3.19.conv1  324   8   8   48   8   8    15552.0       0.01    1,987,584.0      995,328.0    145152.0      12288.0       1.14%    157440.0
155      dense3.19.bn2   48   8   8   48   8   8       96.0       0.01       12,288.0        6,144.0     12672.0      12288.0       0.10%     24960.0
156    dense3.19.conv2   48   8   8   12   8   8     5184.0       0.00      662,784.0      331,776.0     33024.0       3072.0       0.30%     36096.0
157      dense3.20.bn1  336   8   8  336   8   8      672.0       0.08       86,016.0       43,008.0     88704.0      86016.0       0.19%    174720.0
158    dense3.20.conv1  336   8   8   48   8   8    16128.0       0.01    2,061,312.0    1,032,192.0    150528.0      12288.0       1.09%    162816.0
159      dense3.20.bn2   48   8   8   48   8   8       96.0       0.01       12,288.0        6,144.0     12672.0      12288.0       0.10%     24960.0
160    dense3.20.conv2   48   8   8   12   8   8     5184.0       0.00      662,784.0      331,776.0     33024.0       3072.0       0.59%     36096.0
161      dense3.21.bn1  348   8   8  348   8   8      696.0       0.08       89,088.0       44,544.0     91872.0      89088.0       0.26%    180960.0
162    dense3.21.conv1  348   8   8   48   8   8    16704.0       0.01    2,135,040.0    1,069,056.0    155904.0      12288.0       1.06%    168192.0
163      dense3.21.bn2   48   8   8   48   8   8       96.0       0.01       12,288.0        6,144.0     12672.0      12288.0       0.11%     24960.0
164    dense3.21.conv2   48   8   8   12   8   8     5184.0       0.00      662,784.0      331,776.0     33024.0       3072.0       0.30%     36096.0
165      dense3.22.bn1  360   8   8  360   8   8      720.0       0.09       92,160.0       46,080.0     95040.0      92160.0       0.20%    187200.0
166    dense3.22.conv1  360   8   8   48   8   8    17280.0       0.01    2,208,768.0    1,105,920.0    161280.0      12288.0       1.11%    173568.0
167      dense3.22.bn2   48   8   8   48   8   8       96.0       0.01       12,288.0        6,144.0     12672.0      12288.0       0.10%     24960.0
168    dense3.22.conv2   48   8   8   12   8   8     5184.0       0.00      662,784.0      331,776.0     33024.0       3072.0       0.30%     36096.0
169      dense3.23.bn1  372   8   8  372   8   8      744.0       0.09       95,232.0       47,616.0     98208.0      95232.0       0.22%    193440.0
170    dense3.23.conv1  372   8   8   48   8   8    17856.0       0.01    2,282,496.0    1,142,784.0    166656.0      12288.0       1.07%    178944.0
171      dense3.23.bn2   48   8   8   48   8   8       96.0       0.01       12,288.0        6,144.0     12672.0      12288.0       0.11%     24960.0
172    dense3.23.conv2   48   8   8   12   8   8     5184.0       0.00      662,784.0      331,776.0     33024.0       3072.0       0.29%     36096.0
173          trans3.bn  384   8   8  384   8   8      768.0       0.09       98,304.0       49,152.0    101376.0      98304.0       0.26%    199680.0
174        trans3.conv  384   8   8  192   8   8    73728.0       0.05    9,424,896.0    4,718,592.0    393216.0      49152.0       1.51%    442368.0
175       dense4.0.bn1  192   4   4  192   4   4      384.0       0.01       12,288.0        6,144.0     13824.0      12288.0       0.10%     26112.0
176     dense4.0.conv1  192   4   4   48   4   4     9216.0       0.00      294,144.0      147,456.0     49152.0       3072.0       0.11%     52224.0
177       dense4.0.bn2   48   4   4   48   4   4       96.0       0.00        3,072.0        1,536.0      3456.0       3072.0       0.10%      6528.0
178     dense4.0.conv2   48   4   4   12   4   4     5184.0       0.00      165,696.0       82,944.0     23808.0        768.0       0.23%     24576.0
179       dense4.1.bn1  204   4   4  204   4   4      408.0       0.01       13,056.0        6,528.0     14688.0      13056.0       0.10%     27744.0
180     dense4.1.conv1  204   4   4   48   4   4     9792.0       0.00      312,576.0      156,672.0     52224.0       3072.0       0.11%     55296.0
181       dense4.1.bn2   48   4   4   48   4   4       96.0       0.00        3,072.0        1,536.0      3456.0       3072.0       0.10%      6528.0
182     dense4.1.conv2   48   4   4   12   4   4     5184.0       0.00      165,696.0       82,944.0     23808.0        768.0       0.24%     24576.0
183       dense4.2.bn1  216   4   4  216   4   4      432.0       0.01       13,824.0        6,912.0     15552.0      13824.0       0.10%     29376.0
184     dense4.2.conv1  216   4   4   48   4   4    10368.0       0.00      331,008.0      165,888.0     55296.0       3072.0       0.11%     58368.0
185       dense4.2.bn2   48   4   4   48   4   4       96.0       0.00        3,072.0        1,536.0      3456.0       3072.0       0.10%      6528.0
186     dense4.2.conv2   48   4   4   12   4   4     5184.0       0.00      165,696.0       82,944.0     23808.0        768.0       0.24%     24576.0
187       dense4.3.bn1  228   4   4  228   4   4      456.0       0.01       14,592.0        7,296.0     16416.0      14592.0       0.10%     31008.0
188     dense4.3.conv1  228   4   4   48   4   4    10944.0       0.00      349,440.0      175,104.0     58368.0       3072.0       0.11%     61440.0
189       dense4.3.bn2   48   4   4   48   4   4       96.0       0.00        3,072.0        1,536.0      3456.0       3072.0       0.10%      6528.0
190     dense4.3.conv2   48   4   4   12   4   4     5184.0       0.00      165,696.0       82,944.0     23808.0        768.0       0.24%     24576.0
191       dense4.4.bn1  240   4   4  240   4   4      480.0       0.01       15,360.0        7,680.0     17280.0      15360.0       0.10%     32640.0
192     dense4.4.conv1  240   4   4   48   4   4    11520.0       0.00      367,872.0      184,320.0     61440.0       3072.0       0.11%     64512.0
193       dense4.4.bn2   48   4   4   48   4   4       96.0       0.00        3,072.0        1,536.0      3456.0       3072.0       0.10%      6528.0
194     dense4.4.conv2   48   4   4   12   4   4     5184.0       0.00      165,696.0       82,944.0     23808.0        768.0       0.23%     24576.0
195       dense4.5.bn1  252   4   4  252   4   4      504.0       0.02       16,128.0        8,064.0     18144.0      16128.0       0.09%     34272.0
196     dense4.5.conv1  252   4   4   48   4   4    12096.0       0.00      386,304.0      193,536.0     64512.0       3072.0       0.10%     67584.0
197       dense4.5.bn2   48   4   4   48   4   4       96.0       0.00        3,072.0        1,536.0      3456.0       3072.0       0.12%      6528.0
198     dense4.5.conv2   48   4   4   12   4   4     5184.0       0.00      165,696.0       82,944.0     23808.0        768.0       0.24%     24576.0
199       dense4.6.bn1  264   4   4  264   4   4      528.0       0.02       16,896.0        8,448.0     19008.0      16896.0       0.10%     35904.0
200     dense4.6.conv1  264   4   4   48   4   4    12672.0       0.00      404,736.0      202,752.0     67584.0       3072.0       0.11%     70656.0
201       dense4.6.bn2   48   4   4   48   4   4       96.0       0.00        3,072.0        1,536.0      3456.0       3072.0       0.10%      6528.0
202     dense4.6.conv2   48   4   4   12   4   4     5184.0       0.00      165,696.0       82,944.0     23808.0        768.0       0.23%     24576.0
203       dense4.7.bn1  276   4   4  276   4   4      552.0       0.02       17,664.0        8,832.0     19872.0      17664.0       0.11%     37536.0
204     dense4.7.conv1  276   4   4   48   4   4    13248.0       0.00      423,168.0      211,968.0     70656.0       3072.0       0.11%     73728.0
205       dense4.7.bn2   48   4   4   48   4   4       96.0       0.00        3,072.0        1,536.0      3456.0       3072.0       0.10%      6528.0
206     dense4.7.conv2   48   4   4   12   4   4     5184.0       0.00      165,696.0       82,944.0     23808.0        768.0       0.23%     24576.0
207       dense4.8.bn1  288   4   4  288   4   4      576.0       0.02       18,432.0        9,216.0     20736.0      18432.0       0.10%     39168.0
208     dense4.8.conv1  288   4   4   48   4   4    13824.0       0.00      441,600.0      221,184.0     73728.0       3072.0       0.11%     76800.0
209       dense4.8.bn2   48   4   4   48   4   4       96.0       0.00        3,072.0        1,536.0      3456.0       3072.0       0.10%      6528.0
210     dense4.8.conv2   48   4   4   12   4   4     5184.0       0.00      165,696.0       82,944.0     23808.0        768.0       0.23%     24576.0
211       dense4.9.bn1  300   4   4  300   4   4      600.0       0.02       19,200.0        9,600.0     21600.0      19200.0       0.10%     40800.0
212     dense4.9.conv1  300   4   4   48   4   4    14400.0       0.00      460,032.0      230,400.0     76800.0       3072.0       0.11%     79872.0
213       dense4.9.bn2   48   4   4   48   4   4       96.0       0.00        3,072.0        1,536.0      3456.0       3072.0       0.10%      6528.0
214     dense4.9.conv2   48   4   4   12   4   4     5184.0       0.00      165,696.0       82,944.0     23808.0        768.0       0.25%     24576.0
215      dense4.10.bn1  312   4   4  312   4   4      624.0       0.02       19,968.0        9,984.0     22464.0      19968.0       0.10%     42432.0
216    dense4.10.conv1  312   4   4   48   4   4    14976.0       0.00      478,464.0      239,616.0     79872.0       3072.0       0.12%     82944.0
217      dense4.10.bn2   48   4   4   48   4   4       96.0       0.00        3,072.0        1,536.0      3456.0       3072.0       0.10%      6528.0
218    dense4.10.conv2   48   4   4   12   4   4     5184.0       0.00      165,696.0       82,944.0     23808.0        768.0       0.23%     24576.0
219      dense4.11.bn1  324   4   4  324   4   4      648.0       0.02       20,736.0       10,368.0     23328.0      20736.0       0.10%     44064.0
220    dense4.11.conv1  324   4   4   48   4   4    15552.0       0.00      496,896.0      248,832.0     82944.0       3072.0       0.11%     86016.0
221      dense4.11.bn2   48   4   4   48   4   4       96.0       0.00        3,072.0        1,536.0      3456.0       3072.0       0.09%      6528.0
222    dense4.11.conv2   48   4   4   12   4   4     5184.0       0.00      165,696.0       82,944.0     23808.0        768.0       0.23%     24576.0
223      dense4.12.bn1  336   4   4  336   4   4      672.0       0.02       21,504.0       10,752.0     24192.0      21504.0       0.10%     45696.0
224    dense4.12.conv1  336   4   4   48   4   4    16128.0       0.00      515,328.0      258,048.0     86016.0       3072.0       0.11%     89088.0
225      dense4.12.bn2   48   4   4   48   4   4       96.0       0.00        3,072.0        1,536.0      3456.0       3072.0       0.09%      6528.0
226    dense4.12.conv2   48   4   4   12   4   4     5184.0       0.00      165,696.0       82,944.0     23808.0        768.0       0.25%     24576.0
227      dense4.13.bn1  348   4   4  348   4   4      696.0       0.02       22,272.0       11,136.0     25056.0      22272.0       0.10%     47328.0
228    dense4.13.conv1  348   4   4   48   4   4    16704.0       0.00      533,760.0      267,264.0     89088.0       3072.0       0.11%     92160.0
229      dense4.13.bn2   48   4   4   48   4   4       96.0       0.00        3,072.0        1,536.0      3456.0       3072.0       0.10%      6528.0
230    dense4.13.conv2   48   4   4   12   4   4     5184.0       0.00      165,696.0       82,944.0     23808.0        768.0       0.23%     24576.0
231      dense4.14.bn1  360   4   4  360   4   4      720.0       0.02       23,040.0       11,520.0     25920.0      23040.0       0.10%     48960.0
232    dense4.14.conv1  360   4   4   48   4   4    17280.0       0.00      552,192.0      276,480.0     92160.0       3072.0       0.11%     95232.0
233      dense4.14.bn2   48   4   4   48   4   4       96.0       0.00        3,072.0        1,536.0      3456.0       3072.0       0.10%      6528.0
234    dense4.14.conv2   48   4   4   12   4   4     5184.0       0.00      165,696.0       82,944.0     23808.0        768.0       0.24%     24576.0
235      dense4.15.bn1  372   4   4  372   4   4      744.0       0.02       23,808.0       11,904.0     26784.0      23808.0       0.10%     50592.0
236    dense4.15.conv1  372   4   4   48   4   4    17856.0       0.00      570,624.0      285,696.0     95232.0       3072.0       0.11%     98304.0
237      dense4.15.bn2   48   4   4   48   4   4       96.0       0.00        3,072.0        1,536.0      3456.0       3072.0       0.10%      6528.0
238    dense4.15.conv2   48   4   4   12   4   4     5184.0       0.00      165,696.0       82,944.0     23808.0        768.0       0.26%     24576.0
239                 bn  384   4   4  384   4   4      768.0       0.02       24,576.0       12,288.0     27648.0      24576.0       0.18%     52224.0
240             linear          384           10     3850.0       0.00        7,670.0        3,840.0     16936.0         40.0       0.30%     16976.0
total                                             1000618.0       9.88  257,192,438.0  128,981,760.0     16936.0         40.0     100.00%  28917968.0
=====================================================================================================================================================
Total params: 1,000,618
-----------------------------------------------------------------------------------------------------------------------------------------------------
Total memory: 9.88MB
Total MAdd: 257.19MMAdd
Total Flops: 128.98MFlops
Total MemR+W: 27.58MB

CPU prediction time 0.0756694093535218 79
inference time: 0:00:08.402589
Accuracy of the network on the test images: 58.48 %