             module name  input shape output shape    params memory(MB)           MAdd         Flops  MemRead(B)  MemWrite(B) duration[%]   MemR+W(B)
0                  conv1    3  32  32   24  32  32     648.0       0.09    1,302,528.0     663,552.0     14880.0      98304.0      19.19%    113184.0
1           dense1.0.bn1   24  32  32   24  32  32      48.0       0.09       98,304.0      49,152.0     98496.0      98304.0       0.37%    196800.0
2         dense1.0.conv1   24  32  32   48  32  32    1152.0       0.19    2,310,144.0   1,179,648.0    102912.0     196608.0       3.77%    299520.0
3           dense1.0.bn2   48  32  32   48  32  32      96.0       0.19      196,608.0      98,304.0    196992.0     196608.0       0.11%    393600.0
4       dense1.0.conv2.0   48  32  32    5  32  32     240.0       0.02      486,400.0     245,760.0    197568.0      20480.0       1.64%    218048.0
5       dense1.0.conv2.1    5  32  32    4  32  32     180.0       0.02      364,544.0     184,320.0     21200.0      16384.0       0.21%     37584.0
6       dense1.0.conv2.2    4  32  32   12  32  32      60.0       0.05       98,304.0      61,440.0     16624.0      49152.0       0.27%     65776.0
7           dense1.1.bn1   36  32  32   36  32  32      72.0       0.14      147,456.0      73,728.0    147744.0     147456.0       0.11%    295200.0
8         dense1.1.conv1   36  32  32   48  32  32    1728.0       0.19    3,489,792.0   1,769,472.0    154368.0     196608.0       3.59%    350976.0
9           dense1.1.bn2   48  32  32   48  32  32      96.0       0.19      196,608.0      98,304.0    196992.0     196608.0       0.25%    393600.0
10      dense1.1.conv2.0   48  32  32    2  32  32      96.0       0.01      194,560.0      98,304.0    196992.0       8192.0       1.34%    205184.0
11      dense1.1.conv2.1    2  32  32    1  32  32      18.0       0.00       35,840.0      18,432.0      8264.0       4096.0       0.17%     12360.0
12      dense1.1.conv2.2    1  32  32   12  32  32      24.0       0.05       24,576.0      24,576.0      4192.0      49152.0       0.08%     53344.0
13          dense1.2.bn1   48  32  32   48  32  32      96.0       0.19      196,608.0      98,304.0    196992.0     196608.0       0.25%    393600.0
14        dense1.2.conv1   48  32  32   48  32  32    2304.0       0.19    4,669,440.0   2,359,296.0    205824.0     196608.0       3.63%    402432.0
15          dense1.2.bn2   48  32  32   48  32  32      96.0       0.19      196,608.0      98,304.0    196992.0     196608.0       0.25%    393600.0
16      dense1.2.conv2.0   48  32  32    2  32  32      96.0       0.01      194,560.0      98,304.0    196992.0       8192.0       0.58%    205184.0
17      dense1.2.conv2.1    2  32  32    1  32  32      18.0       0.00       35,840.0      18,432.0      8264.0       4096.0       0.11%     12360.0
18      dense1.2.conv2.2    1  32  32   12  32  32      24.0       0.05       24,576.0      24,576.0      4192.0      49152.0       0.06%     53344.0
19          dense1.3.bn1   60  32  32   60  32  32     120.0       0.23      245,760.0     122,880.0    246240.0     245760.0       0.27%    492000.0
20        dense1.3.conv1   60  32  32   48  32  32    2880.0       0.19    5,849,088.0   2,949,120.0    257280.0     196608.0       1.24%    453888.0
21          dense1.3.bn2   48  32  32   48  32  32      96.0       0.19      196,608.0      98,304.0    196992.0     196608.0       0.18%    393600.0
22      dense1.3.conv2.0   48  32  32    3  32  32     144.0       0.01      291,840.0     147,456.0    197184.0      12288.0       1.38%    209472.0
23      dense1.3.conv2.1    3  32  32    2  32  32      54.0       0.01      108,544.0      55,296.0     12504.0       8192.0       0.20%     20696.0
24      dense1.3.conv2.2    2  32  32   12  32  32      36.0       0.05       49,152.0      36,864.0      8336.0      49152.0       0.13%     57488.0
25          dense1.4.bn1   72  32  32   72  32  32     144.0       0.28      294,912.0     147,456.0    295488.0     294912.0       0.29%    590400.0
26        dense1.4.conv1   72  32  32   48  32  32    3456.0       0.19    7,028,736.0   3,538,944.0    308736.0     196608.0       1.22%    505344.0
27          dense1.4.bn2   48  32  32   48  32  32      96.0       0.19      196,608.0      98,304.0    196992.0     196608.0       0.16%    393600.0
28      dense1.4.conv2.0   48  32  32    5  32  32     240.0       0.02      486,400.0     245,760.0    197568.0      20480.0       0.58%    218048.0
29      dense1.4.conv2.1    5  32  32    2  32  32      90.0       0.01      182,272.0      92,160.0     20840.0       8192.0       0.20%     29032.0
30      dense1.4.conv2.2    2  32  32   12  32  32      36.0       0.05       49,152.0      36,864.0      8336.0      49152.0       0.14%     57488.0
31          dense1.5.bn1   84  32  32   84  32  32     168.0       0.33      344,064.0     172,032.0    344736.0     344064.0       0.33%    688800.0
32        dense1.5.conv1   84  32  32   48  32  32    4032.0       0.19    8,208,384.0   4,128,768.0    360192.0     196608.0       1.27%    556800.0
33          dense1.5.bn2   48  32  32   48  32  32      96.0       0.19      196,608.0      98,304.0    196992.0     196608.0       0.13%    393600.0
34      dense1.5.conv2.0   48  32  32    6  32  32     288.0       0.02      583,680.0     294,912.0    197760.0      24576.0       1.36%    222336.0
35      dense1.5.conv2.1    6  32  32    1  32  32      54.0       0.00      109,568.0      55,296.0     24792.0       4096.0       0.16%     28888.0
36      dense1.5.conv2.2    1  32  32   12  32  32      24.0       0.05       24,576.0      24,576.0      4192.0      49152.0       0.09%     53344.0
37             trans1.bn   96  32  32   96  32  32     192.0       0.38      393,216.0     196,608.0    393984.0     393216.0       0.34%    787200.0
38           trans1.conv   96  32  32   48  32  32    4608.0       0.19    9,388,032.0   4,718,592.0    411648.0     196608.0       1.27%    608256.0
39        trans1.conv2.0    0   0   0    0   0   0       0.0       0.00            0.0           0.0         0.0          0.0       0.00%         0.0
40        trans1.conv2.1    0   0   0    0   0   0       0.0       0.00            0.0           0.0         0.0          0.0       0.00%         0.0
41        trans1.conv2.2    0   0   0    0   0   0       0.0       0.00            0.0           0.0         0.0          0.0       0.00%         0.0
42          dense2.0.bn1   48  16  16   48  16  16      96.0       0.05       49,152.0      24,576.0     49536.0      49152.0       0.10%     98688.0
43        dense2.0.conv1   48  16  16   48  16  16    2304.0       0.05    1,167,360.0     589,824.0     58368.0      49152.0       0.16%    107520.0
44          dense2.0.bn2   48  16  16   48  16  16      96.0       0.05       49,152.0      24,576.0     49536.0      49152.0       0.10%     98688.0
45      dense2.0.conv2.0   48  16  16    4  16  16     192.0       0.00       97,280.0      49,152.0     49920.0       4096.0       0.13%     54016.0
46      dense2.0.conv2.1    4  16  16    1  16  16      36.0       0.00       18,176.0       9,216.0      4240.0       1024.0       0.10%      5264.0
47      dense2.0.conv2.2    1  16  16   12  16  16      24.0       0.01        6,144.0       6,144.0      1120.0      12288.0       0.06%     13408.0
48          dense2.1.bn1   60  16  16   60  16  16     120.0       0.06       61,440.0      30,720.0     61920.0      61440.0       0.10%    123360.0
49        dense2.1.conv1   60  16  16   48  16  16    2880.0       0.05    1,462,272.0     737,280.0     72960.0      49152.0       0.16%    122112.0
50          dense2.1.bn2   48  16  16   48  16  16      96.0       0.05       49,152.0      24,576.0     49536.0      49152.0       0.10%     98688.0
51      dense2.1.conv2.0   48  16  16    6  16  16     288.0       0.01      145,920.0      73,728.0     50304.0       6144.0       0.13%     56448.0
52      dense2.1.conv2.1    6  16  16    1  16  16      54.0       0.00       27,392.0      13,824.0      6360.0       1024.0       0.11%      7384.0
53      dense2.1.conv2.2    1  16  16   12  16  16      24.0       0.01        6,144.0       6,144.0      1120.0      12288.0       0.06%     13408.0
54          dense2.2.bn1   72  16  16   72  16  16     144.0       0.07       73,728.0      36,864.0     74304.0      73728.0       0.14%    148032.0
55        dense2.2.conv1   72  16  16   48  16  16    3456.0       0.05    1,757,184.0     884,736.0     87552.0      49152.0       0.16%    136704.0
56          dense2.2.bn2   48  16  16   48  16  16      96.0       0.05       49,152.0      24,576.0     49536.0      49152.0       0.10%     98688.0
57      dense2.2.conv2.0   48  16  16    6  16  16     288.0       0.01      145,920.0      73,728.0     50304.0       6144.0       0.14%     56448.0
58      dense2.2.conv2.1    6  16  16    2  16  16     108.0       0.00       54,784.0      27,648.0      6576.0       2048.0       0.18%      8624.0
59      dense2.2.conv2.2    2  16  16   12  16  16      36.0       0.01       12,288.0       9,216.0      2192.0      12288.0       0.12%     14480.0
60          dense2.3.bn1   84  16  16   84  16  16     168.0       0.08       86,016.0      43,008.0     86688.0      86016.0       0.10%    172704.0
61        dense2.3.conv1   84  16  16   48  16  16    4032.0       0.05    2,052,096.0   1,032,192.0    102144.0      49152.0       0.96%    151296.0
62          dense2.3.bn2   48  16  16   48  16  16      96.0       0.05       49,152.0      24,576.0     49536.0      49152.0       0.10%     98688.0
63      dense2.3.conv2.0   48  16  16    1  16  16      48.0       0.00       24,320.0      12,288.0     49344.0       1024.0       0.05%     50368.0
64      dense2.3.conv2.1    1  16  16    1  16  16       9.0       0.00        4,352.0       2,304.0      1060.0       1024.0       0.09%      2084.0
65      dense2.3.conv2.2    1  16  16   12  16  16      24.0       0.01        6,144.0       6,144.0      1120.0      12288.0       0.05%     13408.0
66          dense2.4.bn1   96  16  16   96  16  16     192.0       0.09       98,304.0      49,152.0     99072.0      98304.0       0.15%    197376.0
67        dense2.4.conv1   96  16  16   48  16  16    4608.0       0.05    2,347,008.0   1,179,648.0    116736.0      49152.0       0.77%    165888.0
68          dense2.4.bn2   48  16  16   48  16  16      96.0       0.05       49,152.0      24,576.0     49536.0      49152.0       0.10%     98688.0
69      dense2.4.conv2.0   48  16  16    4  16  16     192.0       0.00       97,280.0      49,152.0     49920.0       4096.0       0.13%     54016.0
70      dense2.4.conv2.1    4  16  16    1  16  16      36.0       0.00       18,176.0       9,216.0      4240.0       1024.0       0.11%      5264.0
71      dense2.4.conv2.2    1  16  16   12  16  16      24.0       0.01        6,144.0       6,144.0      1120.0      12288.0       0.06%     13408.0
72          dense2.5.bn1  108  16  16  108  16  16     216.0       0.11      110,592.0      55,296.0    111456.0     110592.0       0.10%    222048.0
73        dense2.5.conv1  108  16  16   48  16  16    5184.0       0.05    2,641,920.0   1,327,104.0    131328.0      49152.0       0.91%    180480.0
74          dense2.5.bn2   48  16  16   48  16  16      96.0       0.05       49,152.0      24,576.0     49536.0      49152.0       0.10%     98688.0
75      dense2.5.conv2.0   48  16  16    6  16  16     288.0       0.01      145,920.0      73,728.0     50304.0       6144.0       0.13%     56448.0
76      dense2.5.conv2.1    6  16  16    2  16  16     108.0       0.00       54,784.0      27,648.0      6576.0       2048.0       0.18%      8624.0
77      dense2.5.conv2.2    2  16  16   12  16  16      36.0       0.01       12,288.0       9,216.0      2192.0      12288.0       0.12%     14480.0
78          dense2.6.bn1  120  16  16  120  16  16     240.0       0.12      122,880.0      61,440.0    123840.0     122880.0       0.20%    246720.0
79        dense2.6.conv1  120  16  16   48  16  16    5760.0       0.05    2,936,832.0   1,474,560.0    145920.0      49152.0       1.16%    195072.0
80          dense2.6.bn2   48  16  16   48  16  16      96.0       0.05       49,152.0      24,576.0     49536.0      49152.0       0.10%     98688.0
81      dense2.6.conv2.0   48  16  16    6  16  16     288.0       0.01      145,920.0      73,728.0     50304.0       6144.0       0.14%     56448.0
82      dense2.6.conv2.1    6  16  16    1  16  16      54.0       0.00       27,392.0      13,824.0      6360.0       1024.0       0.11%      7384.0
83      dense2.6.conv2.2    1  16  16   12  16  16      24.0       0.01        6,144.0       6,144.0      1120.0      12288.0       0.06%     13408.0
84          dense2.7.bn1  132  16  16  132  16  16     264.0       0.13      135,168.0      67,584.0    136224.0     135168.0       0.24%    271392.0
85        dense2.7.conv1  132  16  16   48  16  16    6336.0       0.05    3,231,744.0   1,622,016.0    160512.0      49152.0       1.14%    209664.0
86          dense2.7.bn2   48  16  16   48  16  16      96.0       0.05       49,152.0      24,576.0     49536.0      49152.0       0.10%     98688.0
87      dense2.7.conv2.0   48  16  16    4  16  16     192.0       0.00       97,280.0      49,152.0     49920.0       4096.0       0.13%     54016.0
88      dense2.7.conv2.1    4  16  16    1  16  16      36.0       0.00       18,176.0       9,216.0      4240.0       1024.0       0.11%      5264.0
89      dense2.7.conv2.2    1  16  16   12  16  16      24.0       0.01        6,144.0       6,144.0      1120.0      12288.0       0.05%     13408.0
90          dense2.8.bn1  144  16  16  144  16  16     288.0       0.14      147,456.0      73,728.0    148608.0     147456.0       0.25%    296064.0
91        dense2.8.conv1  144  16  16   48  16  16    6912.0       0.05    3,526,656.0   1,769,472.0    175104.0      49152.0       1.15%    224256.0
92          dense2.8.bn2   48  16  16   48  16  16      96.0       0.05       49,152.0      24,576.0     49536.0      49152.0       0.10%     98688.0
93      dense2.8.conv2.0   48  16  16    5  16  16     240.0       0.00      121,600.0      61,440.0     50112.0       5120.0       0.13%     55232.0
94      dense2.8.conv2.1    5  16  16    1  16  16      45.0       0.00       22,784.0      11,520.0      5300.0       1024.0       0.11%      6324.0
95      dense2.8.conv2.2    1  16  16   12  16  16      24.0       0.01        6,144.0       6,144.0      1120.0      12288.0       0.06%     13408.0
96          dense2.9.bn1  156  16  16  156  16  16     312.0       0.15      159,744.0      79,872.0    160992.0     159744.0       0.26%    320736.0
97        dense2.9.conv1  156  16  16   48  16  16    7488.0       0.05    3,821,568.0   1,916,928.0    189696.0      49152.0       1.13%    238848.0
98          dense2.9.bn2   48  16  16   48  16  16      96.0       0.05       49,152.0      24,576.0     49536.0      49152.0       0.11%     98688.0
99      dense2.9.conv2.0   48  16  16    5  16  16     240.0       0.00      121,600.0      61,440.0     50112.0       5120.0       0.13%     55232.0
100     dense2.9.conv2.1    5  16  16    1  16  16      45.0       0.00       22,784.0      11,520.0      5300.0       1024.0       0.11%      6324.0
101     dense2.9.conv2.2    1  16  16   12  16  16      24.0       0.01        6,144.0       6,144.0      1120.0      12288.0       0.06%     13408.0
102        dense2.10.bn1  168  16  16  168  16  16     336.0       0.16      172,032.0      86,016.0    173376.0     172032.0       0.28%    345408.0
103      dense2.10.conv1  168  16  16   48  16  16    8064.0       0.05    4,116,480.0   2,064,384.0    204288.0      49152.0       1.13%    253440.0
104        dense2.10.bn2   48  16  16   48  16  16      96.0       0.05       49,152.0      24,576.0     49536.0      49152.0       0.11%     98688.0
105    dense2.10.conv2.0   48  16  16    6  16  16     288.0       0.01      145,920.0      73,728.0     50304.0       6144.0       0.13%     56448.0
106    dense2.10.conv2.1    6  16  16    1  16  16      54.0       0.00       27,392.0      13,824.0      6360.0       1024.0       0.11%      7384.0
107    dense2.10.conv2.2    1  16  16   12  16  16      24.0       0.01        6,144.0       6,144.0      1120.0      12288.0       0.06%     13408.0
108        dense2.11.bn1  180  16  16  180  16  16     360.0       0.18      184,320.0      92,160.0    185760.0     184320.0       0.26%    370080.0
109      dense2.11.conv1  180  16  16   48  16  16    8640.0       0.05    4,411,392.0   2,211,840.0    218880.0      49152.0       1.14%    268032.0
110        dense2.11.bn2   48  16  16   48  16  16      96.0       0.05       49,152.0      24,576.0     49536.0      49152.0       0.10%     98688.0
111    dense2.11.conv2.0   48  16  16    4  16  16     192.0       0.00       97,280.0      49,152.0     49920.0       4096.0       0.13%     54016.0
112    dense2.11.conv2.1    4  16  16    1  16  16      36.0       0.00       18,176.0       9,216.0      4240.0       1024.0       0.10%      5264.0
113    dense2.11.conv2.2    1  16  16   12  16  16      24.0       0.01        6,144.0       6,144.0      1120.0      12288.0       0.05%     13408.0
114            trans2.bn  192  16  16  192  16  16     384.0       0.19      196,608.0      98,304.0    198144.0     196608.0       0.29%    394752.0
115          trans2.conv  192  16  16   96  16  16   18432.0       0.09    9,412,608.0   4,718,592.0    270336.0      98304.0       1.30%    368640.0
116       trans2.conv2.0    0   0   0    0   0   0       0.0       0.00            0.0           0.0         0.0          0.0       0.00%         0.0
117       trans2.conv2.1    0   0   0    0   0   0       0.0       0.00            0.0           0.0         0.0          0.0       0.00%         0.0
118       trans2.conv2.2    0   0   0    0   0   0       0.0       0.00            0.0           0.0         0.0          0.0       0.00%         0.0
119         dense3.0.bn1   96   8   8   96   8   8     192.0       0.02       24,576.0      12,288.0     25344.0      24576.0       0.09%     49920.0
120       dense3.0.conv1   96   8   8   48   8   8    4608.0       0.01      586,752.0     294,912.0     43008.0      12288.0       0.20%     55296.0
121         dense3.0.bn2   48   8   8   48   8   8      96.0       0.01       12,288.0       6,144.0     12672.0      12288.0       0.09%     24960.0
122     dense3.0.conv2.0   48   8   8    4   8   8     192.0       0.00       24,320.0      12,288.0     13056.0       1024.0       0.13%     14080.0
123     dense3.0.conv2.1    4   8   8    1   8   8      36.0       0.00        4,544.0       2,304.0      1168.0        256.0       0.09%      1424.0
124     dense3.0.conv2.2    1   8   8   12   8   8      24.0       0.00        1,536.0       1,536.0       352.0       3072.0       0.05%      3424.0
125         dense3.1.bn1  108   8   8  108   8   8     216.0       0.03       27,648.0      13,824.0     28512.0      27648.0       0.09%     56160.0
126       dense3.1.conv1  108   8   8   48   8   8    5184.0       0.01      660,480.0     331,776.0     48384.0      12288.0       0.19%     60672.0
127         dense3.1.bn2   48   8   8   48   8   8      96.0       0.01       12,288.0       6,144.0     12672.0      12288.0       0.10%     24960.0
128     dense3.1.conv2.0   48   8   8    5   8   8     240.0       0.00       30,400.0      15,360.0     13248.0       1280.0       0.12%     14528.0
129     dense3.1.conv2.1    5   8   8    1   8   8      45.0       0.00        5,696.0       2,880.0      1460.0        256.0       0.10%      1716.0
130     dense3.1.conv2.2    1   8   8   12   8   8      24.0       0.00        1,536.0       1,536.0       352.0       3072.0       0.05%      3424.0
131         dense3.2.bn1  120   8   8  120   8   8     240.0       0.03       30,720.0      15,360.0     31680.0      30720.0       0.09%     62400.0
132       dense3.2.conv1  120   8   8   48   8   8    5760.0       0.01      734,208.0     368,640.0     53760.0      12288.0       0.18%     66048.0
133         dense3.2.bn2   48   8   8   48   8   8      96.0       0.01       12,288.0       6,144.0     12672.0      12288.0       0.09%     24960.0
134     dense3.2.conv2.0   48   8   8    2   8   8      96.0       0.00       12,160.0       6,144.0     12672.0        512.0       0.11%     13184.0
135     dense3.2.conv2.1    2   8   8    2   8   8      36.0       0.00        4,480.0       2,304.0       656.0        512.0       0.16%      1168.0
136     dense3.2.conv2.2    2   8   8   12   8   8      36.0       0.00        3,072.0       2,304.0       656.0       3072.0       0.06%      3728.0
137         dense3.3.bn1  132   8   8  132   8   8     264.0       0.03       33,792.0      16,896.0     34848.0      33792.0       0.09%     68640.0
138       dense3.3.conv1  132   8   8   48   8   8    6336.0       0.01      807,936.0     405,504.0     59136.0      12288.0       0.21%     71424.0
139         dense3.3.bn2   48   8   8   48   8   8      96.0       0.01       12,288.0       6,144.0     12672.0      12288.0       0.10%     24960.0
140     dense3.3.conv2.0   48   8   8    2   8   8      96.0       0.00       12,160.0       6,144.0     12672.0        512.0       0.12%     13184.0
141     dense3.3.conv2.1    2   8   8    1   8   8      18.0       0.00        2,240.0       1,152.0       584.0        256.0       0.09%       840.0
142     dense3.3.conv2.2    1   8   8   12   8   8      24.0       0.00        1,536.0       1,536.0       352.0       3072.0       0.05%      3424.0
143         dense3.4.bn1  144   8   8  144   8   8     288.0       0.04       36,864.0      18,432.0     38016.0      36864.0       0.09%     74880.0
144       dense3.4.conv1  144   8   8   48   8   8    6912.0       0.01      881,664.0     442,368.0     64512.0      12288.0       0.20%     76800.0
145         dense3.4.bn2   48   8   8   48   8   8      96.0       0.01       12,288.0       6,144.0     12672.0      12288.0       0.10%     24960.0
146     dense3.4.conv2.0   48   8   8    1   8   8      48.0       0.00        6,080.0       3,072.0     12480.0        256.0       0.04%     12736.0
147     dense3.4.conv2.1    1   8   8    1   8   8       9.0       0.00        1,088.0         576.0       292.0        256.0       0.08%       548.0
148     dense3.4.conv2.2    1   8   8   12   8   8      24.0       0.00        1,536.0       1,536.0       352.0       3072.0       0.05%      3424.0
149         dense3.5.bn1  156   8   8  156   8   8     312.0       0.04       39,936.0      19,968.0     41184.0      39936.0       0.09%     81120.0
150       dense3.5.conv1  156   8   8   48   8   8    7488.0       0.01      955,392.0     479,232.0     69888.0      12288.0       0.18%     82176.0
151         dense3.5.bn2   48   8   8   48   8   8      96.0       0.01       12,288.0       6,144.0     12672.0      12288.0       0.09%     24960.0
152     dense3.5.conv2.0   48   8   8    5   8   8     240.0       0.00       30,400.0      15,360.0     13248.0       1280.0       0.42%     14528.0
153     dense3.5.conv2.1    5   8   8    1   8   8      45.0       0.00        5,696.0       2,880.0      1460.0        256.0       0.09%      1716.0
154     dense3.5.conv2.2    1   8   8   12   8   8      24.0       0.00        1,536.0       1,536.0       352.0       3072.0       0.05%      3424.0
155         dense3.6.bn1  168   8   8  168   8   8     336.0       0.04       43,008.0      21,504.0     44352.0      43008.0       0.09%     87360.0
156       dense3.6.conv1  168   8   8   48   8   8    8064.0       0.01    1,029,120.0     516,096.0     75264.0      12288.0       0.19%     87552.0
157         dense3.6.bn2   48   8   8   48   8   8      96.0       0.01       12,288.0       6,144.0     12672.0      12288.0       0.10%     24960.0
158     dense3.6.conv2.0   48   8   8    7   8   8     336.0       0.00       42,560.0      21,504.0     13632.0       1792.0       0.13%     15424.0
159     dense3.6.conv2.1    7   8   8    1   8   8      63.0       0.00        8,000.0       4,032.0      2044.0        256.0       0.10%      2300.0
160     dense3.6.conv2.2    1   8   8   12   8   8      24.0       0.00        1,536.0       1,536.0       352.0       3072.0       0.05%      3424.0
161         dense3.7.bn1  180   8   8  180   8   8     360.0       0.04       46,080.0      23,040.0     47520.0      46080.0       0.18%     93600.0
162       dense3.7.conv1  180   8   8   48   8   8    8640.0       0.01    1,102,848.0     552,960.0     80640.0      12288.0       0.20%     92928.0
163         dense3.7.bn2   48   8   8   48   8   8      96.0       0.01       12,288.0       6,144.0     12672.0      12288.0       0.09%     24960.0
164     dense3.7.conv2.0   48   8   8    5   8   8     240.0       0.00       30,400.0      15,360.0     13248.0       1280.0       0.12%     14528.0
165     dense3.7.conv2.1    5   8   8    2   8   8      90.0       0.00       11,392.0       5,760.0      1640.0        512.0       0.16%      2152.0
166     dense3.7.conv2.2    2   8   8   12   8   8      36.0       0.00        3,072.0       2,304.0       656.0       3072.0       0.06%      3728.0
167         dense3.8.bn1  192   8   8  192   8   8     384.0       0.05       49,152.0      24,576.0     50688.0      49152.0       0.16%     99840.0
168       dense3.8.conv1  192   8   8   48   8   8    9216.0       0.01    1,176,576.0     589,824.0     86016.0      12288.0       0.21%     98304.0
169         dense3.8.bn2   48   8   8   48   8   8      96.0       0.01       12,288.0       6,144.0     12672.0      12288.0       0.09%     24960.0
170     dense3.8.conv2.0   48   8   8    6   8   8     288.0       0.00       36,480.0      18,432.0     13440.0       1536.0       0.11%     14976.0
171     dense3.8.conv2.1    6   8   8    1   8   8      54.0       0.00        6,848.0       3,456.0      1752.0        256.0       0.09%      2008.0
172     dense3.8.conv2.2    1   8   8   12   8   8      24.0       0.00        1,536.0       1,536.0       352.0       3072.0       0.05%      3424.0
173         dense3.9.bn1  204   8   8  204   8   8     408.0       0.05       52,224.0      26,112.0     53856.0      52224.0       0.16%    106080.0
174       dense3.9.conv1  204   8   8   48   8   8    9792.0       0.01    1,250,304.0     626,688.0     91392.0      12288.0       0.23%    103680.0
175         dense3.9.bn2   48   8   8   48   8   8      96.0       0.01       12,288.0       6,144.0     12672.0      12288.0       0.09%     24960.0
176     dense3.9.conv2.0   48   8   8    2   8   8      96.0       0.00       12,160.0       6,144.0     12672.0        512.0       0.11%     13184.0
177     dense3.9.conv2.1    2   8   8    2   8   8      36.0       0.00        4,480.0       2,304.0       656.0        512.0       0.15%      1168.0
178     dense3.9.conv2.2    2   8   8   12   8   8      36.0       0.00        3,072.0       2,304.0       656.0       3072.0       0.05%      3728.0
179        dense3.10.bn1  216   8   8  216   8   8     432.0       0.05       55,296.0      27,648.0     57024.0      55296.0       0.19%    112320.0
180      dense3.10.conv1  216   8   8   48   8   8   10368.0       0.01    1,324,032.0     663,552.0     96768.0      12288.0       0.24%    109056.0
181        dense3.10.bn2   48   8   8   48   8   8      96.0       0.01       12,288.0       6,144.0     12672.0      12288.0       0.09%     24960.0
182    dense3.10.conv2.0   48   8   8    4   8   8     192.0       0.00       24,320.0      12,288.0     13056.0       1024.0       0.12%     14080.0
183    dense3.10.conv2.1    4   8   8    1   8   8      36.0       0.00        4,544.0       2,304.0      1168.0        256.0       0.09%      1424.0
184    dense3.10.conv2.2    1   8   8   12   8   8      24.0       0.00        1,536.0       1,536.0       352.0       3072.0       0.05%      3424.0
185        dense3.11.bn1  228   8   8  228   8   8     456.0       0.06       58,368.0      29,184.0     60192.0      58368.0       0.18%    118560.0
186      dense3.11.conv1  228   8   8   48   8   8   10944.0       0.01    1,397,760.0     700,416.0    102144.0      12288.0       0.22%    114432.0
187        dense3.11.bn2   48   8   8   48   8   8      96.0       0.01       12,288.0       6,144.0     12672.0      12288.0       0.09%     24960.0
188    dense3.11.conv2.0   48   8   8    2   8   8      96.0       0.00       12,160.0       6,144.0     12672.0        512.0       0.11%     13184.0
189    dense3.11.conv2.1    2   8   8    1   8   8      18.0       0.00        2,240.0       1,152.0       584.0        256.0       0.08%       840.0
190    dense3.11.conv2.2    1   8   8   12   8   8      24.0       0.00        1,536.0       1,536.0       352.0       3072.0       0.05%      3424.0
191        dense3.12.bn1  240   8   8  240   8   8     480.0       0.06       61,440.0      30,720.0     63360.0      61440.0       0.19%    124800.0
192      dense3.12.conv1  240   8   8   48   8   8   11520.0       0.01    1,471,488.0     737,280.0    107520.0      12288.0       0.22%    119808.0
193        dense3.12.bn2   48   8   8   48   8   8      96.0       0.01       12,288.0       6,144.0     12672.0      12288.0       0.09%     24960.0
194    dense3.12.conv2.0   48   8   8    3   8   8     144.0       0.00       18,240.0       9,216.0     12864.0        768.0       0.11%     13632.0
195    dense3.12.conv2.1    3   8   8    1   8   8      27.0       0.00        3,392.0       1,728.0       876.0        256.0       0.09%      1132.0
196    dense3.12.conv2.2    1   8   8   12   8   8      24.0       0.00        1,536.0       1,536.0       352.0       3072.0       0.05%      3424.0
197        dense3.13.bn1  252   8   8  252   8   8     504.0       0.06       64,512.0      32,256.0     66528.0      64512.0       0.19%    131040.0
198      dense3.13.conv1  252   8   8   48   8   8   12096.0       0.01    1,545,216.0     774,144.0    112896.0      12288.0       0.25%    125184.0
199        dense3.13.bn2   48   8   8   48   8   8      96.0       0.01       12,288.0       6,144.0     12672.0      12288.0       0.09%     24960.0
200    dense3.13.conv2.0   48   8   8    4   8   8     192.0       0.00       24,320.0      12,288.0     13056.0       1024.0       0.11%     14080.0
201    dense3.13.conv2.1    4   8   8    1   8   8      36.0       0.00        4,544.0       2,304.0      1168.0        256.0       0.09%      1424.0
202    dense3.13.conv2.2    1   8   8   12   8   8      24.0       0.00        1,536.0       1,536.0       352.0       3072.0       0.05%      3424.0
203        dense3.14.bn1  264   8   8  264   8   8     528.0       0.06       67,584.0      33,792.0     69696.0      67584.0       0.16%    137280.0
204      dense3.14.conv1  264   8   8   48   8   8   12672.0       0.01    1,618,944.0     811,008.0    118272.0      12288.0       0.23%    130560.0
205        dense3.14.bn2   48   8   8   48   8   8      96.0       0.01       12,288.0       6,144.0     12672.0      12288.0       0.09%     24960.0
206    dense3.14.conv2.0   48   8   8    3   8   8     144.0       0.00       18,240.0       9,216.0     12864.0        768.0       0.11%     13632.0
207    dense3.14.conv2.1    3   8   8    7   8   8     189.0       0.00       23,744.0      12,096.0      1524.0       1792.0       0.16%      3316.0
208    dense3.14.conv2.2    7   8   8   12   8   8      96.0       0.00       10,752.0       6,144.0      2176.0       3072.0       0.11%      5248.0
209        dense3.15.bn1  276   8   8  276   8   8     552.0       0.07       70,656.0      35,328.0     72864.0      70656.0       0.18%    143520.0
210      dense3.15.conv1  276   8   8   48   8   8   13248.0       0.01    1,692,672.0     847,872.0    123648.0      12288.0       0.24%    135936.0
211        dense3.15.bn2   48   8   8   48   8   8      96.0       0.01       12,288.0       6,144.0     12672.0      12288.0       0.09%     24960.0
212    dense3.15.conv2.0   48   8   8    6   8   8     288.0       0.00       36,480.0      18,432.0     13440.0       1536.0       0.11%     14976.0
213    dense3.15.conv2.1    6   8   8    1   8   8      54.0       0.00        6,848.0       3,456.0      1752.0        256.0       0.09%      2008.0
214    dense3.15.conv2.2    1   8   8   12   8   8      24.0       0.00        1,536.0       1,536.0       352.0       3072.0       0.05%      3424.0
215        dense3.16.bn1  288   8   8  288   8   8     576.0       0.07       73,728.0      36,864.0     76032.0      73728.0       0.20%    149760.0
216      dense3.16.conv1  288   8   8   48   8   8   13824.0       0.01    1,766,400.0     884,736.0    129024.0      12288.0       0.25%    141312.0
217        dense3.16.bn2   48   8   8   48   8   8      96.0       0.01       12,288.0       6,144.0     12672.0      12288.0       0.09%     24960.0
218    dense3.16.conv2.0   48   8   8    3   8   8     144.0       0.00       18,240.0       9,216.0     12864.0        768.0       0.11%     13632.0
219    dense3.16.conv2.1    3   8   8    2   8   8      54.0       0.00        6,784.0       3,456.0       984.0        512.0       0.15%      1496.0
220    dense3.16.conv2.2    2   8   8   12   8   8      36.0       0.00        3,072.0       2,304.0       656.0       3072.0       0.05%      3728.0
221        dense3.17.bn1  300   8   8  300   8   8     600.0       0.07       76,800.0      38,400.0     79200.0      76800.0       0.17%    156000.0
222      dense3.17.conv1  300   8   8   48   8   8   14400.0       0.01    1,840,128.0     921,600.0    134400.0      12288.0       0.25%    146688.0
223        dense3.17.bn2   48   8   8   48   8   8      96.0       0.01       12,288.0       6,144.0     12672.0      12288.0       0.09%     24960.0
224    dense3.17.conv2.0   48   8   8    4   8   8     192.0       0.00       24,320.0      12,288.0     13056.0       1024.0       0.12%     14080.0
225    dense3.17.conv2.1    4   8   8    1   8   8      36.0       0.00        4,544.0       2,304.0      1168.0        256.0       0.09%      1424.0
226    dense3.17.conv2.2    1   8   8   12   8   8      24.0       0.00        1,536.0       1,536.0       352.0       3072.0       0.05%      3424.0
227        dense3.18.bn1  312   8   8  312   8   8     624.0       0.08       79,872.0      39,936.0     82368.0      79872.0       0.20%    162240.0
228      dense3.18.conv1  312   8   8   48   8   8   14976.0       0.01    1,913,856.0     958,464.0    139776.0      12288.0       0.26%    152064.0
229        dense3.18.bn2   48   8   8   48   8   8      96.0       0.01       12,288.0       6,144.0     12672.0      12288.0       0.09%     24960.0
230    dense3.18.conv2.0   48   8   8    6   8   8     288.0       0.00       36,480.0      18,432.0     13440.0       1536.0       0.12%     14976.0
231    dense3.18.conv2.1    6   8   8    6   8   8     324.0       0.00       41,088.0      20,736.0      2832.0       1536.0       0.18%      4368.0
232    dense3.18.conv2.2    6   8   8   12   8   8      84.0       0.00        9,216.0       5,376.0      1872.0       3072.0       0.11%      4944.0
233        dense3.19.bn1  324   8   8  324   8   8     648.0       0.08       82,944.0      41,472.0     85536.0      82944.0       0.20%    168480.0
234      dense3.19.conv1  324   8   8   48   8   8   15552.0       0.01    1,987,584.0     995,328.0    145152.0      12288.0       1.08%    157440.0
235        dense3.19.bn2   48   8   8   48   8   8      96.0       0.01       12,288.0       6,144.0     12672.0      12288.0       0.10%     24960.0
236    dense3.19.conv2.0   48   8   8    4   8   8     192.0       0.00       24,320.0      12,288.0     13056.0       1024.0       0.12%     14080.0
237    dense3.19.conv2.1    4   8   8    1   8   8      36.0       0.00        4,544.0       2,304.0      1168.0        256.0       0.09%      1424.0
238    dense3.19.conv2.2    1   8   8   12   8   8      24.0       0.00        1,536.0       1,536.0       352.0       3072.0       0.05%      3424.0
239        dense3.20.bn1  336   8   8  336   8   8     672.0       0.08       86,016.0      43,008.0     88704.0      86016.0       0.21%    174720.0
240      dense3.20.conv1  336   8   8   48   8   8   16128.0       0.01    2,061,312.0   1,032,192.0    150528.0      12288.0       1.00%    162816.0
241        dense3.20.bn2   48   8   8   48   8   8      96.0       0.01       12,288.0       6,144.0     12672.0      12288.0       0.10%     24960.0
242    dense3.20.conv2.0   48   8   8    6   8   8     288.0       0.00       36,480.0      18,432.0     13440.0       1536.0       0.13%     14976.0
243    dense3.20.conv2.1    6   8   8    1   8   8      54.0       0.00        6,848.0       3,456.0      1752.0        256.0       0.09%      2008.0
244    dense3.20.conv2.2    1   8   8   12   8   8      24.0       0.00        1,536.0       1,536.0       352.0       3072.0       0.05%      3424.0
245        dense3.21.bn1  348   8   8  348   8   8     696.0       0.08       89,088.0      44,544.0     91872.0      89088.0       0.24%    180960.0
246      dense3.21.conv1  348   8   8   48   8   8   16704.0       0.01    2,135,040.0   1,069,056.0    155904.0      12288.0       0.99%    168192.0
247        dense3.21.bn2   48   8   8   48   8   8      96.0       0.01       12,288.0       6,144.0     12672.0      12288.0       0.10%     24960.0
248    dense3.21.conv2.0   48   8   8    4   8   8     192.0       0.00       24,320.0      12,288.0     13056.0       1024.0       0.11%     14080.0
249    dense3.21.conv2.1    4   8   8    1   8   8      36.0       0.00        4,544.0       2,304.0      1168.0        256.0       0.09%      1424.0
250    dense3.21.conv2.2    1   8   8   12   8   8      24.0       0.00        1,536.0       1,536.0       352.0       3072.0       0.06%      3424.0
251        dense3.22.bn1  360   8   8  360   8   8     720.0       0.09       92,160.0      46,080.0     95040.0      92160.0       0.22%    187200.0
252      dense3.22.conv1  360   8   8   48   8   8   17280.0       0.01    2,208,768.0   1,105,920.0    161280.0      12288.0       1.00%    173568.0
253        dense3.22.bn2   48   8   8   48   8   8      96.0       0.01       12,288.0       6,144.0     12672.0      12288.0       0.09%     24960.0
254    dense3.22.conv2.0   48   8   8    6   8   8     288.0       0.00       36,480.0      18,432.0     13440.0       1536.0       0.12%     14976.0
255    dense3.22.conv2.1    6   8   8    2   8   8     108.0       0.00       13,696.0       6,912.0      1968.0        512.0       0.15%      2480.0
256    dense3.22.conv2.2    2   8   8   12   8   8      36.0       0.00        3,072.0       2,304.0       656.0       3072.0       0.05%      3728.0
257        dense3.23.bn1  372   8   8  372   8   8     744.0       0.09       95,232.0      47,616.0     98208.0      95232.0       0.23%    193440.0
258      dense3.23.conv1  372   8   8   48   8   8   17856.0       0.01    2,282,496.0   1,142,784.0    166656.0      12288.0       1.02%    178944.0
259        dense3.23.bn2   48   8   8   48   8   8      96.0       0.01       12,288.0       6,144.0     12672.0      12288.0       0.10%     24960.0
260    dense3.23.conv2.0   48   8   8    5   8   8     240.0       0.00       30,400.0      15,360.0     13248.0       1280.0       0.12%     14528.0
261    dense3.23.conv2.1    5   8   8    1   8   8      45.0       0.00        5,696.0       2,880.0      1460.0        256.0       0.10%      1716.0
262    dense3.23.conv2.2    1   8   8   12   8   8      24.0       0.00        1,536.0       1,536.0       352.0       3072.0       0.05%      3424.0
263            trans3.bn  384   8   8  384   8   8     768.0       0.09       98,304.0      49,152.0    101376.0      98304.0       0.23%    199680.0
264          trans3.conv  384   8   8  192   8   8   73728.0       0.05    9,424,896.0   4,718,592.0    393216.0      49152.0       1.43%    442368.0
265       trans3.conv2.0    0   0   0    0   0   0       0.0       0.00            0.0           0.0         0.0          0.0       0.00%         0.0
266       trans3.conv2.1    0   0   0    0   0   0       0.0       0.00            0.0           0.0         0.0          0.0       0.00%         0.0
267       trans3.conv2.2    0   0   0    0   0   0       0.0       0.00            0.0           0.0         0.0          0.0       0.00%         0.0
268         dense4.0.bn1  192   4   4  192   4   4     384.0       0.01       12,288.0       6,144.0     13824.0      12288.0       0.10%     26112.0
269       dense4.0.conv1  192   4   4   48   4   4    9216.0       0.00      294,144.0     147,456.0     49152.0       3072.0       0.11%     52224.0
270         dense4.0.bn2   48   4   4   48   4   4      96.0       0.00        3,072.0       1,536.0      3456.0       3072.0       0.10%      6528.0
271     dense4.0.conv2.0   48   4   4    5   4   4     240.0       0.00        7,600.0       3,840.0      4032.0        320.0       0.12%      4352.0
272     dense4.0.conv2.1    5   4   4   10   4   4     450.0       0.00       14,240.0       7,200.0      2120.0        640.0       0.16%      2760.0
273     dense4.0.conv2.2   10   4   4   12   4   4     132.0       0.00        3,840.0       2,112.0      1168.0        768.0       0.06%      1936.0
274         dense4.1.bn1  204   4   4  204   4   4     408.0       0.01       13,056.0       6,528.0     14688.0      13056.0       0.09%     27744.0
275       dense4.1.conv1  204   4   4   48   4   4    9792.0       0.00      312,576.0     156,672.0     52224.0       3072.0       0.10%     55296.0
276         dense4.1.bn2   48   4   4   48   4   4      96.0       0.00        3,072.0       1,536.0      3456.0       3072.0       0.09%      6528.0
277     dense4.1.conv2.0   48   4   4   11   4   4     528.0       0.00       16,720.0       8,448.0      5184.0        704.0       0.11%      5888.0
278     dense4.1.conv2.1   11   4   4    2   4   4     198.0       0.00        6,304.0       3,168.0      1496.0        128.0       0.15%      1624.0
279     dense4.1.conv2.2    2   4   4   12   4   4      36.0       0.00          768.0         576.0       272.0        768.0       0.06%      1040.0
280         dense4.2.bn1  216   4   4  216   4   4     432.0       0.01       13,824.0       6,912.0     15552.0      13824.0       0.09%     29376.0
281       dense4.2.conv1  216   4   4   48   4   4   10368.0       0.00      331,008.0     165,888.0     55296.0       3072.0       0.10%     58368.0
282         dense4.2.bn2   48   4   4   48   4   4      96.0       0.00        3,072.0       1,536.0      3456.0       3072.0       0.09%      6528.0
283     dense4.2.conv2.0   48   4   4    2   4   4      96.0       0.00        3,040.0       1,536.0      3456.0        128.0       0.11%      3584.0
284     dense4.2.conv2.1    2   4   4    2   4   4      36.0       0.00        1,120.0         576.0       272.0        128.0       0.17%       400.0
285     dense4.2.conv2.2    2   4   4   12   4   4      36.0       0.00          768.0         576.0       272.0        768.0       0.05%      1040.0
286         dense4.3.bn1  228   4   4  228   4   4     456.0       0.01       14,592.0       7,296.0     16416.0      14592.0       0.09%     31008.0
287       dense4.3.conv1  228   4   4   48   4   4   10944.0       0.00      349,440.0     175,104.0     58368.0       3072.0       0.10%     61440.0
288         dense4.3.bn2   48   4   4   48   4   4      96.0       0.00        3,072.0       1,536.0      3456.0       3072.0       0.09%      6528.0
289     dense4.3.conv2.0   48   4   4    4   4   4     192.0       0.00        6,080.0       3,072.0      3840.0        256.0       0.10%      4096.0
290     dense4.3.conv2.1    4   4   4    7   4   4     252.0       0.00        7,952.0       4,032.0      1264.0        448.0       0.15%      1712.0
291     dense4.3.conv2.2    7   4   4   12   4   4      96.0       0.00        2,688.0       1,536.0       832.0        768.0       0.05%      1600.0
292         dense4.4.bn1  240   4   4  240   4   4     480.0       0.01       15,360.0       7,680.0     17280.0      15360.0       0.09%     32640.0
293       dense4.4.conv1  240   4   4   48   4   4   11520.0       0.00      367,872.0     184,320.0     61440.0       3072.0       0.10%     64512.0
294         dense4.4.bn2   48   4   4   48   4   4      96.0       0.00        3,072.0       1,536.0      3456.0       3072.0       0.09%      6528.0
295     dense4.4.conv2.0   48   4   4    3   4   4     144.0       0.00        4,560.0       2,304.0      3648.0        192.0       0.11%      3840.0
296     dense4.4.conv2.1    3   4   4    2   4   4      54.0       0.00        1,696.0         864.0       408.0        128.0       0.15%       536.0
297     dense4.4.conv2.2    2   4   4   12   4   4      36.0       0.00          768.0         576.0       272.0        768.0       0.06%      1040.0
298         dense4.5.bn1  252   4   4  252   4   4     504.0       0.02       16,128.0       8,064.0     18144.0      16128.0       0.10%     34272.0
299       dense4.5.conv1  252   4   4   48   4   4   12096.0       0.00      386,304.0     193,536.0     64512.0       3072.0       0.10%     67584.0
300         dense4.5.bn2   48   4   4   48   4   4      96.0       0.00        3,072.0       1,536.0      3456.0       3072.0       0.09%      6528.0
301     dense4.5.conv2.0   48   4   4    2   4   4      96.0       0.00        3,040.0       1,536.0      3456.0        128.0       0.11%      3584.0
302     dense4.5.conv2.1    2   4   4    2   4   4      36.0       0.00        1,120.0         576.0       272.0        128.0       0.14%       400.0
303     dense4.5.conv2.2    2   4   4   12   4   4      36.0       0.00          768.0         576.0       272.0        768.0       0.05%      1040.0
304         dense4.6.bn1  264   4   4  264   4   4     528.0       0.02       16,896.0       8,448.0     19008.0      16896.0       0.10%     35904.0
305       dense4.6.conv1  264   4   4   48   4   4   12672.0       0.00      404,736.0     202,752.0     67584.0       3072.0       0.11%     70656.0
306         dense4.6.bn2   48   4   4   48   4   4      96.0       0.00        3,072.0       1,536.0      3456.0       3072.0       0.09%      6528.0
307     dense4.6.conv2.0   48   4   4    6   4   4     288.0       0.00        9,120.0       4,608.0      4224.0        384.0       0.11%      4608.0
308     dense4.6.conv2.1    6   4   4    5   4   4     270.0       0.00        8,560.0       4,320.0      1464.0        320.0       0.45%      1784.0
309     dense4.6.conv2.2    5   4   4   12   4   4      72.0       0.00        1,920.0       1,152.0       608.0        768.0       0.06%      1376.0
310         dense4.7.bn1  276   4   4  276   4   4     552.0       0.02       17,664.0       8,832.0     19872.0      17664.0       0.10%     37536.0
311       dense4.7.conv1  276   4   4   48   4   4   13248.0       0.00      423,168.0     211,968.0     70656.0       3072.0       0.11%     73728.0
312         dense4.7.bn2   48   4   4   48   4   4      96.0       0.00        3,072.0       1,536.0      3456.0       3072.0       0.09%      6528.0
313     dense4.7.conv2.0   48   4   4    6   4   4     288.0       0.00        9,120.0       4,608.0      4224.0        384.0       0.11%      4608.0
314     dense4.7.conv2.1    6   4   4   10   4   4     540.0       0.00       17,120.0       8,640.0      2544.0        640.0       0.16%      3184.0
315     dense4.7.conv2.2   10   4   4   12   4   4     132.0       0.00        3,840.0       2,112.0      1168.0        768.0       0.06%      1936.0
316         dense4.8.bn1  288   4   4  288   4   4     576.0       0.02       18,432.0       9,216.0     20736.0      18432.0       0.10%     39168.0
317       dense4.8.conv1  288   4   4   48   4   4   13824.0       0.00      441,600.0     221,184.0     73728.0       3072.0       0.10%     76800.0
318         dense4.8.bn2   48   4   4   48   4   4      96.0       0.00        3,072.0       1,536.0      3456.0       3072.0       0.09%      6528.0
319     dense4.8.conv2.0   48   4   4    4   4   4     192.0       0.00        6,080.0       3,072.0      3840.0        256.0       0.11%      4096.0
320     dense4.8.conv2.1    4   4   4    1   4   4      36.0       0.00        1,136.0         576.0       400.0         64.0       0.09%       464.0
321     dense4.8.conv2.2    1   4   4   12   4   4      24.0       0.00          384.0         384.0       160.0        768.0       0.05%       928.0
322         dense4.9.bn1  300   4   4  300   4   4     600.0       0.02       19,200.0       9,600.0     21600.0      19200.0       0.15%     40800.0
323       dense4.9.conv1  300   4   4   48   4   4   14400.0       0.00      460,032.0     230,400.0     76800.0       3072.0       0.11%     79872.0
324         dense4.9.bn2   48   4   4   48   4   4      96.0       0.00        3,072.0       1,536.0      3456.0       3072.0       0.09%      6528.0
325     dense4.9.conv2.0   48   4   4    6   4   4     288.0       0.00        9,120.0       4,608.0      4224.0        384.0       0.11%      4608.0
326     dense4.9.conv2.1    6   4   4    1   4   4      54.0       0.00        1,712.0         864.0       600.0         64.0       0.09%       664.0
327     dense4.9.conv2.2    1   4   4   12   4   4      24.0       0.00          384.0         384.0       160.0        768.0       0.05%       928.0
328        dense4.10.bn1  312   4   4  312   4   4     624.0       0.02       19,968.0       9,984.0     22464.0      19968.0       0.12%     42432.0
329      dense4.10.conv1  312   4   4   48   4   4   14976.0       0.00      478,464.0     239,616.0     79872.0       3072.0       0.10%     82944.0
330        dense4.10.bn2   48   4   4   48   4   4      96.0       0.00        3,072.0       1,536.0      3456.0       3072.0       0.09%      6528.0
331    dense4.10.conv2.0   48   4   4    6   4   4     288.0       0.00        9,120.0       4,608.0      4224.0        384.0       0.11%      4608.0
332    dense4.10.conv2.1    6   4   4    1   4   4      54.0       0.00        1,712.0         864.0       600.0         64.0       0.10%       664.0
333    dense4.10.conv2.2    1   4   4   12   4   4      24.0       0.00          384.0         384.0       160.0        768.0       0.05%       928.0
334        dense4.11.bn1  324   4   4  324   4   4     648.0       0.02       20,736.0      10,368.0     23328.0      20736.0       0.10%     44064.0
335      dense4.11.conv1  324   4   4   48   4   4   15552.0       0.00      496,896.0     248,832.0     82944.0       3072.0       0.10%     86016.0
336        dense4.11.bn2   48   4   4   48   4   4      96.0       0.00        3,072.0       1,536.0      3456.0       3072.0       0.09%      6528.0
337    dense4.11.conv2.0   48   4   4    5   4   4     240.0       0.00        7,600.0       3,840.0      4032.0        320.0       0.11%      4352.0
338    dense4.11.conv2.1    5   4   4    2   4   4      90.0       0.00        2,848.0       1,440.0       680.0        128.0       0.15%       808.0
339    dense4.11.conv2.2    2   4   4   12   4   4      36.0       0.00          768.0         576.0       272.0        768.0       0.05%      1040.0
340        dense4.12.bn1  336   4   4  336   4   4     672.0       0.02       21,504.0      10,752.0     24192.0      21504.0       0.12%     45696.0
341      dense4.12.conv1  336   4   4   48   4   4   16128.0       0.00      515,328.0     258,048.0     86016.0       3072.0       0.10%     89088.0
342        dense4.12.bn2   48   4   4   48   4   4      96.0       0.00        3,072.0       1,536.0      3456.0       3072.0       0.09%      6528.0
343    dense4.12.conv2.0   48   4   4    5   4   4     240.0       0.00        7,600.0       3,840.0      4032.0        320.0       0.11%      4352.0
344    dense4.12.conv2.1    5   4   4    1   4   4      45.0       0.00        1,424.0         720.0       500.0         64.0       0.09%       564.0
345    dense4.12.conv2.2    1   4   4   12   4   4      24.0       0.00          384.0         384.0       160.0        768.0       0.05%       928.0
346        dense4.13.bn1  348   4   4  348   4   4     696.0       0.02       22,272.0      11,136.0     25056.0      22272.0       0.13%     47328.0
347      dense4.13.conv1  348   4   4   48   4   4   16704.0       0.00      533,760.0     267,264.0     89088.0       3072.0       0.11%     92160.0
348        dense4.13.bn2   48   4   4   48   4   4      96.0       0.00        3,072.0       1,536.0      3456.0       3072.0       0.09%      6528.0
349    dense4.13.conv2.0   48   4   4    6   4   4     288.0       0.00        9,120.0       4,608.0      4224.0        384.0       0.11%      4608.0
350    dense4.13.conv2.1    6   4   4    2   4   4     108.0       0.00        3,424.0       1,728.0       816.0        128.0       0.16%       944.0
351    dense4.13.conv2.2    2   4   4   12   4   4      36.0       0.00          768.0         576.0       272.0        768.0       0.06%      1040.0
352        dense4.14.bn1  360   4   4  360   4   4     720.0       0.02       23,040.0      11,520.0     25920.0      23040.0       0.15%     48960.0
353      dense4.14.conv1  360   4   4   48   4   4   17280.0       0.00      552,192.0     276,480.0     92160.0       3072.0       0.11%     95232.0
354        dense4.14.bn2   48   4   4   48   4   4      96.0       0.00        3,072.0       1,536.0      3456.0       3072.0       0.09%      6528.0
355    dense4.14.conv2.0   48   4   4    5   4   4     240.0       0.00        7,600.0       3,840.0      4032.0        320.0       0.11%      4352.0
356    dense4.14.conv2.1    5   4   4    1   4   4      45.0       0.00        1,424.0         720.0       500.0         64.0       0.09%       564.0
357    dense4.14.conv2.2    1   4   4   12   4   4      24.0       0.00          384.0         384.0       160.0        768.0       0.05%       928.0
358        dense4.15.bn1  372   4   4  372   4   4     744.0       0.02       23,808.0      11,904.0     26784.0      23808.0       0.16%     50592.0
359      dense4.15.conv1  372   4   4   48   4   4   17856.0       0.00      570,624.0     285,696.0     95232.0       3072.0       0.11%     98304.0
360        dense4.15.bn2   48   4   4   48   4   4      96.0       0.00        3,072.0       1,536.0      3456.0       3072.0       0.09%      6528.0
361    dense4.15.conv2.0   48   4   4    6   4   4     288.0       0.00        9,120.0       4,608.0      4224.0        384.0       0.11%      4608.0
362    dense4.15.conv2.1    6   4   4    2   4   4     108.0       0.00        3,424.0       1,728.0       816.0        128.0       0.16%       944.0
363    dense4.15.conv2.2    2   4   4   12   4   4      36.0       0.00          768.0         576.0       272.0        768.0       0.05%      1040.0
364                   bn  384   4   4  384   4   4     768.0       0.02       24,576.0      12,288.0     27648.0      24576.0       0.16%     52224.0
365               linear          384           10    3850.0       0.00        7,670.0       3,840.0     16936.0         40.0       0.26%     16976.0
total                                               719458.0      10.13  149,394,918.0  75,181,056.0     16936.0         40.0     100.00%  28305456.0
=====================================================================================================================================================
Total params: 719,458
-----------------------------------------------------------------------------------------------------------------------------------------------------
Total memory: 10.13MB
Total MAdd: 149.39MMAdd
Total Flops: 75.18MFlops
Total MemR+W: 26.99MB

CPU prediction time 0.05629442311540435 79
inference time: 0:00:05.055992
Accuracy of the network on the test images: 59.01 %